Call:
multinom(formula = aw_konstr_1 ~ as.factor(hk_geb) * as.factor(bak_grob), 
    data = DB_BE_clean, weights = (HRF/Sum_HRF_BE_clean) * N_Clean, 
    maxit = 1000, MaxNWts = 1000)

Coefficients:
     (Intercept) as.factor(hk_geb)2 as.factor(hk_geb)3 as.factor(hk_geb)4 as.factor(hk_geb)5 as.factor(hk_geb)6 as.factor(hk_geb)7 as.factor(hk_geb)8 as.factor(hk_geb)9 as.factor(hk_geb)10 as.factor(hk_geb)11
1.1    3.4688484          1.1477210        -0.53058662         0.39143999          13.289029        -1.05258780          0.6079730         0.18629364        -0.30207837           10.586636          13.3793989
1.11  -0.8154497          2.7080281         1.15995635         1.81478885          13.384762        -0.06113172         -1.6831978         0.50338320       -18.87219920           14.400178          -4.1587976
1.2    5.3635997          1.2025756        -0.46762662         0.29782360          12.859463        -0.74045528          0.7395266        -0.00929096        -1.05973247           12.249136          14.4486954
1.3    3.7663980         -0.1642966        -1.24050846         0.09418612          11.489690        -1.79295539         -1.6350189         0.49600878        -1.15559673           10.342340           9.8020067
1.4    1.6093861          1.2977533        -0.31467427         1.05024359          12.375664        -0.83006811         -0.9821461        -0.05906276         1.91354514            9.488855          -8.4082133
1.5    1.7323583         -0.2186921        -0.45621282         1.05939482          11.262931        -0.70658827          1.4763870         0.31321413        -1.90591254           13.091136          -4.5448486
2    -15.2659548         -3.0568905       -12.76224840        14.07236111          26.454109       -14.18256292         14.9690157        13.76277898        -9.95840926           -6.321895           1.3300285
2.1   -0.1526815         -8.2284901         0.05760193         1.67998349          12.812431         1.25184264        -10.6225102         2.35722157         0.90107266           17.066654           0.9858707
2.2    0.3573709          2.2409520       -23.50614854         1.16872023          14.409301         2.71704993          4.1035179         0.81174262        -1.45348976          -18.822507          -4.2636241
2.3    1.6736282        -15.5599648        -0.58355836        -0.69177214          14.919156       -23.35154904          2.0179761        -0.74515631        -2.46903144          -18.364512          -6.2060748
3     -1.2185113         -7.0035268       -17.01511993       -13.81204310          -2.689229       -21.18757740        -15.0429687        -2.72876894       -21.15125283          -13.636078           2.1508980
3.1    0.4796153          1.1791890        -0.34416247         0.74450145          12.258792        -0.63851724         -1.3317145         0.21624590        -0.04876095          -16.969282          -6.2317475
3.2  -14.3607368         -3.7930413       -12.52204786        -3.50522832           6.133441       -12.34951693         -1.7084892        -2.36931848        13.63637313          -16.438699           0.7580783
3.3    0.4937528          0.5436761        -2.00470361         0.38756941          11.342147        -0.85546324        -14.7932520       -16.98864565        -0.67331797          -19.447878          -4.3091171
3.4  -16.1284671         -4.7424522       -15.96839962        -2.78915137           5.577380       -12.72155833         -1.8058746        -1.77655649        -5.13566761          -16.463936           0.5214575
     as.factor(bak_grob)2 as.factor(bak_grob)3 as.factor(hk_geb)2:as.factor(bak_grob)2 as.factor(hk_geb)3:as.factor(bak_grob)2 as.factor(hk_geb)4:as.factor(bak_grob)2 as.factor(hk_geb)5:as.factor(bak_grob)2
1.1             1.7869248             8.750795                              1.99662922                            -1.782694202                               -1.569099                                3.551952
1.11            4.0848311            11.301949                              0.46134749                            -3.193953572                               -4.281295                                4.504537
1.2             0.5210249             9.653661                              2.97147574                            -0.833964385                               -2.964421                                6.070633
1.3             0.8549493            12.123629                              3.30349019                             0.941122451                               -2.359610                                5.906079
1.4             1.8595786            11.353612                              2.60125881                            -2.030893809                               -3.286211                                4.316254
1.5             0.8848497            11.306789                              4.17166070                            -0.008140323                               -2.759520                                6.749519
2              15.6054677            -5.640089                             -3.01365075                            -6.260193015                              -16.503682                               -7.069933
2.1             4.2123374            14.895012                             11.35942155                            -3.785872484                               -5.364092                                3.236277
2.2             2.1664399            12.155358                              1.55684740                            21.175430885                               -1.796352                                4.518259
2.3           -16.8967338           -15.330048                              1.18776389                            -1.342477104                               -8.746446                               -5.801773
3             -13.6850786            -6.159983                              0.03922035                            -0.050123783                               -1.409699                                4.986739
3.1             3.3097558            11.013384                              3.43942264                            -1.933458061                               -4.296457                                3.128101
3.2            15.1103849            -3.189829                             -4.11211286                            -7.874915224                                1.911455                               -2.255841
3.3             1.5579936            -6.790956                              3.44626054                            -0.257289369                               -3.946120                               -9.733931
3.4            17.0330479             4.748920                             -4.07344205                            -6.464870860                              -23.102428                               -1.872162
     as.factor(hk_geb)6:as.factor(bak_grob)2 as.factor(hk_geb)7:as.factor(bak_grob)2 as.factor(hk_geb)8:as.factor(bak_grob)2 as.factor(hk_geb)9:as.factor(bak_grob)2 as.factor(hk_geb)10:as.factor(bak_grob)2
1.1                             -0.466829223                               -4.240843                               14.643611                               11.189386                               -15.318070
1.11                            -1.760044359                                2.011565                               14.896012                               29.877269                               -46.013513
1.2                             -1.272576916                               -3.699767                               14.892101                               11.417296                               -13.009263
1.3                             -0.363018484                               -1.219871                               13.747726                               13.514965                               -14.893600
1.4                             -1.493303517                               -2.545781                               15.540753                                7.712902                               -11.586801
1.5                             -0.004503693                               -3.060625                               15.029414                               15.028941                               -32.384910
2                               -8.771923272                              -35.614042                                3.247990                                2.247815                                 6.491637
2.1                             -2.744840738                                6.490657                               14.174342                               11.808936                               -18.037521
2.2                             -5.420813959                               -2.694942                               15.152948                               11.498881                                -9.133017
2.3                              3.425047673                              -21.404154                               18.030186                               12.634737                                 7.684595
3                               -0.469920829                               -3.134089                               33.496344                               10.175468                                -4.570191
3.1                             -0.205001534                               -3.863300                               12.455127                               11.623988                               -11.763349
3.2                            -11.377030232                              -20.409629                               -1.136854                               -2.289809                               -16.488640
3.3                            -21.771454005                               -7.998535                               31.711079                               10.899484                                -7.966168
3.4                            -11.823335779                              -19.934879                               -2.766705                               -2.767405                               -16.724136
     as.factor(hk_geb)11:as.factor(bak_grob)2 as.factor(hk_geb)2:as.factor(bak_grob)3 as.factor(hk_geb)3:as.factor(bak_grob)3 as.factor(hk_geb)4:as.factor(bak_grob)3 as.factor(hk_geb)5:as.factor(bak_grob)3
1.1                                -2.5794179                              3.68625537                              -33.297968                              4.25822570                             -15.9731039
1.11                               -4.8178073                            -17.76936735                              -13.124241                              5.49816832                             -13.9189637
1.2                                -4.2801817                              1.17042900                              -13.812978                              5.64189656                               2.2894804
1.3                                -1.0410399                              4.55245641                              -13.435383                              2.79639212                              -0.1515222
1.4                                -3.3922736                              2.85072393                              -35.398356                              3.85235943                               4.4758642
1.5                                15.9924108                              5.19162886                              -34.184426                              3.99632619                               3.7532399
2                                  -0.5564289                              0.03397729                               -2.559832                             -0.03184199                              -0.9223547
2.1                                13.6044184                             11.49061549                              -48.491514                            -32.89562105                               2.0548522
2.2                                -2.5039290                              2.66031972                              -16.526262                              3.79327319                               2.3296767
2.3                                 1.1029837                              0.17553269                               -6.285862                              0.80850865                              -4.4995945
3                                   0.8865283                             -0.16602672                               -6.124547                              0.78962637                               0.7121253
3.1                                -5.6625782                              5.51599491                              -13.008544                            -13.96708264                               8.6998674
3.2                                -1.1861117                              0.01926617                               -2.411593                              0.54442765                               0.8644397
3.3                                -2.3298212                             -4.29274428                              -11.424398                             20.91191723                              23.1643620
3.4                                -1.4057744                             -1.11775225                               -8.335867                             30.85779342                              -0.1687003
     as.factor(hk_geb)6:as.factor(bak_grob)3 as.factor(hk_geb)7:as.factor(bak_grob)3 as.factor(hk_geb)8:as.factor(bak_grob)3 as.factor(hk_geb)9:as.factor(bak_grob)3 as.factor(hk_geb)10:as.factor(bak_grob)3
1.1                               -5.5153842                            -13.24416378                               7.0872050                            -15.29598534                             -0.057956494
1.11                              10.0976292                             14.70745777                               8.2631214                             28.07644050                             -0.438414184
1.2                                7.7640663                              9.68290194                               6.4197048                              6.81213445                             -3.354426477
1.3                                6.3539044                              9.46564881                               2.4406619                              6.13475855                             -1.495963150
1.4                               -9.9581823                             12.77760635                               6.5480205                              5.26854813                             -0.061084543
1.5                               -9.5633066                              9.51146851                               6.1766398                              8.79323420                             -1.346208868
2                                  0.5884226                             -1.74047878                               0.1883640                              0.10791571                              0.014375160
2.1                                8.2109804                             -6.45014628                               5.9859350                              4.67860115                              6.653873404
2.2                                4.4470464                            -27.38339343                               7.5971779                              8.37908143                              0.003332960
2.3                                0.7805474                             -4.11196493                               2.2679901                              0.09964406                              0.027072311
3                                  0.4985801                             -0.07640125                               2.0903308                             -0.26128814                              0.022775965
3.1                               -5.2285026                             13.25384597                               6.1763039                              9.76203576                              0.009517944
3.2                                0.5663350                              0.07087888                               4.1167681                             -5.93761676                              0.023392821
3.3                               -0.6913050                             -0.06536653                               3.3173989                             -7.38329997                              0.017485435
3.4                                0.2236349                             -0.46741003                              -0.8142792                             -1.41191882                              0.018459677
     as.factor(hk_geb)11:as.factor(bak_grob)3
1.1                               -2.48723235
1.11                              -0.09988682
1.2                              -19.40419867
1.3                               -3.76103971
1.4                               -0.31724179
1.5                               -0.86139786
2                                  0.21137843
2.1                               26.24333041
2.2                               -0.13329050
2.3                                0.23842847
3                                  0.21241765
3.1                               -0.13829867
3.2                                0.21264301
3.3                                0.09769116
3.4                                0.16177869

Std. Errors:
     (Intercept) as.factor(hk_geb)2 as.factor(hk_geb)3 as.factor(hk_geb)4 as.factor(hk_geb)5 as.factor(hk_geb)6 as.factor(hk_geb)7 as.factor(hk_geb)8 as.factor(hk_geb)9 as.factor(hk_geb)10 as.factor(hk_geb)11
1.1    0.8096789       5.562932e+00       1.917309e+00       1.622031e+00       4.362516e-01       1.380376e+00       1.400944e+00       1.018993e+00       1.146409e+00        1.596324e+00        1.462723e+00
1.11   1.4397140       6.048813e+00       2.640823e+00       2.172469e+00       1.697809e+00       2.444820e+00       4.358354e+00       1.719205e+00       1.516401e+00        2.148795e+00        4.899781e-08
1.2    0.7992192       5.538496e+00       1.878505e+00       1.606280e+00       3.979870e-01       1.340695e+00       1.388124e+00       1.006794e+00       1.131076e+00        1.295677e+00        1.395569e+00
1.3    0.8065249       5.609155e+00       1.936108e+00       1.620455e+00       5.174155e-01       1.399069e+00       1.445087e+00       1.014326e+00       1.152806e+00        1.580834e+00        2.676206e+00
1.4    0.8734630       5.691767e+00       2.101772e+00       1.683143e+00       7.938243e-01       1.561004e+00       1.653675e+00       1.102372e+00       1.188962e+00        4.328756e+00        2.812725e-09
1.5    0.8649989       6.111192e+00       2.101775e+00       1.673768e+00       1.118396e+00       1.518896e+00       1.444099e+00       1.081475e+00       1.460168e+00        1.502543e+00        1.062246e+00
2      1.2866498       1.430812e+00       4.179961e-06       2.481896e+00       2.299369e+00       7.908629e-08       1.994845e+00       1.697839e+00       4.475289e-07        1.384024e+00        6.201654e-06
2.1    1.1732020       1.568978e+01       2.720239e+00       1.931609e+00       1.473963e+00       1.704733e+00       1.079443e+00       1.338162e+00       1.519038e+00        1.481910e+00        4.641568e-01
2.2    1.0394785       5.771215e+00       1.406782e+00       1.853573e+00       8.307398e-01       1.510294e+00       1.542928e+00       1.252813e+00       1.898409e+00        8.365425e-09        4.730645e-08
2.3    0.8689218       3.891757e-04       2.141963e+00       1.847818e+00       5.266521e-01       9.822316e-08       1.439560e+00       1.129418e+00       1.669506e+00        1.238669e-09        2.843702e-08
3      1.6691426       1.332049e-01       1.424994e-06       4.804937e-05       1.244525e-06       4.757110e-08       1.980228e-05       4.741789e+00       8.607667e-08        1.290905e-10        7.157391e-06
3.1    1.0145639       6.060986e+00       2.530437e+00       1.879579e+00       1.333639e+00       1.876657e+00       2.308270e+00       1.260362e+00       1.439506e+00        1.357298e-08        9.965781e-09
3.2    1.0244490       3.274855e-01       1.595243e-06       1.334689e+00       1.191288e-06       5.574325e-08       2.355239e-05       3.854917e-05       1.174181e+00        9.751690e-12        1.762371e-06
3.3    1.0118373       6.453749e+00       4.109751e+00       1.939039e+00       1.921327e+00       1.954158e+00       1.476971e-04       6.105686e-01       1.553131e+00        9.007109e-09        5.119532e-08
3.4    0.9701095       1.525465e-01       2.430303e-07       7.600412e-01       8.515820e-07       2.856527e-08       8.965819e-06       2.518662e-05       1.927729e-07        8.772266e-12        1.198069e-06
     as.factor(bak_grob)2 as.factor(bak_grob)3 as.factor(hk_geb)2:as.factor(bak_grob)2 as.factor(hk_geb)3:as.factor(bak_grob)2 as.factor(hk_geb)4:as.factor(bak_grob)2 as.factor(hk_geb)5:as.factor(bak_grob)2
1.1           1.944547460         1.789379e+00                            4.303524e+01                            3.071074e+00                            2.556430e+00                            6.841040e-01
1.11          2.302280382         3.544635e+00                            4.313106e+01                            3.664137e+00                            3.009335e+00                            1.829728e+00
1.2           1.938262880         1.016753e+00                            4.302813e+01                            3.028273e+00                            2.548449e+00                            5.483967e-01
1.3           1.946931102         9.878453e-01                            4.304569e+01                            3.069159e+00                            2.569867e+00                            7.518370e-01
1.4           1.992300447         1.447092e+00                            4.306166e+01                            3.306669e+00                            2.651061e+00                            1.335401e+00
1.5           2.021065827         1.415395e+00                            4.313697e+01                            3.246859e+00                            2.685091e+00                            1.455795e+00
2             1.894258671         1.742783e-09                            1.430807e+00                            4.179965e-06                            3.669200e+00                            2.569594e+00
2.1           2.130601950         1.315336e+00                            2.714079e+01                            3.854109e+00                            2.861090e+00                            1.811099e+00
2.2           2.106946609         1.722872e+00                            4.309876e+01                            1.406782e+00                            2.770397e+00                            1.122208e+00
2.3           0.002955689         3.262684e-07                            5.782458e-11                            2.972075e-06                            2.895450e-09                            5.248421e-09
3             2.310668005         8.691037e-08                            1.309701e-07                            2.395665e-12                            4.891269e-11                            4.369796e-12
3.1           2.051611181         2.260711e+00                            4.310306e+01                            3.554118e+00                            2.842913e+00                            2.118634e+00
3.2           1.613123261         3.516995e-11                            3.274882e-01                            1.595020e-06                            1.334688e+00                            9.789369e-07
3.3           2.129059686         1.763108e+00                            4.320947e+01                            5.097022e+00                            3.389642e+00                            4.074377e-06
3.4           1.237628584         7.600413e-01                            1.525467e-01                            2.430276e-07                            2.143970e-08                            8.148606e-07
     as.factor(hk_geb)6:as.factor(bak_grob)2 as.factor(hk_geb)7:as.factor(bak_grob)2 as.factor(hk_geb)8:as.factor(bak_grob)2 as.factor(hk_geb)9:as.factor(bak_grob)2 as.factor(hk_geb)10:as.factor(bak_grob)2
1.1                             2.770684e+00                            2.437773e+00                            4.356137e-01                            4.786227e-01                             2.010935e+00
1.11                            3.520801e+00                            4.791252e+00                            1.361692e+00                            1.300333e+00                                      NaN
1.2                             2.748336e+00                            2.407676e+00                            4.000630e-01                            4.383482e-01                             1.566803e+00
1.3                             2.810871e+00                            2.462501e+00                            4.586263e-01                            4.867842e-01                             2.102589e+00
1.4                             3.008125e+00                            2.722422e+00                            6.434733e-01                            9.525717e-01                             4.459758e+00
1.5                             2.934556e+00                            2.527751e+00                            7.207288e-01                            1.032434e+00                             3.098004e-05
2                               7.917147e-08                            2.383252e-06                            1.614681e+00                            4.514234e-07                             1.384024e+00
2.1                             2.975159e+00                            1.075609e+00                            9.104110e-01                            1.020047e+00                             1.748659e+00
2.2                             3.364088e+00                            2.543010e+00                            9.158821e-01                            1.780360e+00                             8.362091e-09
2.3                             7.359131e-14                                     NaN                            2.793959e-03                            3.056571e-05                             1.258920e-09
3                               2.358179e-14                            2.736640e-12                            2.310672e+00                            1.956456e-14                             1.398157e-12
3.1                             3.069427e+00                            3.483101e+00                            9.670796e-01                            9.537272e-01                             1.354886e-08
3.2                             5.515291e-08                            9.885202e-07                            2.410657e-06                            1.435626e+00                             9.751661e-12
3.3                             7.523003e-07                            1.873109e-06                            6.105729e-01                            1.633706e+00                             9.005052e-09
3.4                             2.840697e-08                            1.682924e-06                            9.974653e-07                            6.489498e-07                             8.772260e-12
     as.factor(hk_geb)11:as.factor(bak_grob)2 as.factor(hk_geb)2:as.factor(bak_grob)3 as.factor(hk_geb)3:as.factor(bak_grob)3 as.factor(hk_geb)4:as.factor(bak_grob)3 as.factor(hk_geb)5:as.factor(bak_grob)3
1.1                              1.851614e+00                            3.299938e+00                            8.678579e-08                            2.303490e+00                            4.907316e-08
1.11                             3.311870e-09                            2.874829e-06                            4.204476e+00                            3.789113e+00                            1.084038e-06
1.2                              1.798330e+00                            2.785792e+00                            1.642834e+00                            9.864633e-01                            1.171928e+00
1.3                              3.686895e+00                            2.400004e+00                            1.654882e+00                            1.124257e+00                            3.106542e+00
1.4                              6.549608e-11                            3.272905e+00                            2.832236e-08                            1.685388e+00                            1.669728e+00
1.5                              1.062246e+00                            3.495215e+00                            8.903527e-08                            1.600649e+00                            2.534952e+00
2                                6.201649e-06                            2.358159e-11                                     NaN                            9.135702e-10                            9.951622e-10
2.1                              4.641545e-01                            1.412033e+01                            4.582883e-12                            5.817909e-12                            1.883126e+00
2.2                              2.024128e-08                            3.317245e+00                            2.111626e-09                            2.060825e+00                            1.963244e+00
2.3                              3.316731e-13                            4.401981e-17                            3.261611e-07                                     NaN                            3.420532e-13
3                                7.972923e-10                            7.785567e-11                            3.592120e-11                            7.759130e-15                            8.482234e-16
3.1                              3.152138e-10                            3.842276e+00                            3.395589e+00                            3.027700e-07                            2.510601e+00
3.2                              1.762395e-06                            1.260503e-13                            4.730139e-12                            7.823523e-15                            1.924107e-15
3.3                              2.120722e-08                            1.215046e-08                            1.065192e-06                            2.952695e+00                            2.257802e+00
3.4                              1.198075e-06                            6.726262e-12                            2.483478e-13                            7.600413e-01                            2.111023e-13
     as.factor(hk_geb)6:as.factor(bak_grob)3 as.factor(hk_geb)7:as.factor(bak_grob)3 as.factor(hk_geb)8:as.factor(bak_grob)3 as.factor(hk_geb)9:as.factor(bak_grob)3 as.factor(hk_geb)10:as.factor(bak_grob)3
1.1                             7.331380e-06                            2.006443e-09                            1.768555e+00                            1.474636e-08                             1.682035e-06
1.11                            3.984800e+00                            5.077672e+00                            3.806024e+00                            2.545110e+00                             1.347707e-04
1.2                             1.544880e+00                            1.472455e+00                            8.392606e-01                            1.072007e+00                             3.506364e-06
1.3                             2.140686e+00                            1.984778e+00                            1.255758e+00                            1.034119e+00                             8.181861e-06
1.4                             2.213149e-07                            1.953654e+00                            1.480578e+00                            1.577210e+00                             9.272755e-06
1.5                             3.996441e-07                            2.031056e+00                            1.429599e+00                            1.778539e+00                             1.121623e-05
2                               2.622546e-11                            3.276874e-11                            2.221459e-10                                     NaN                             3.306554e-11
2.1                             1.610511e+00                            1.742876e-09                            1.135061e+00                            1.486817e+00                             1.396449e-04
2.2                             3.017305e+00                            3.875546e-14                            1.617490e+00                            2.355564e+00                             8.844893e-18
2.3                             6.546233e-23                                     NaN                                     NaN                                     NaN                             1.746785e-25
3                               6.570189e-20                            9.602747e-19                            2.337574e-10                            1.402527e-19                             3.582054e-24
3.1                             1.136855e-05                            3.241406e+00                            2.802706e+00                            2.353350e+00                             2.096596e-17
3.2                             1.444150e-20                            2.011316e-17                            1.976524e-13                            4.420434e-12                             1.726565e-29
3.3                             2.544290e-12                            3.880020e-18                            2.845418e-15                                     NaN                             3.278126e-26
3.4                             4.869333e-18                            6.514163e-15                            1.521109e-12                            8.806531e-15                             8.549125e-27
     as.factor(hk_geb)11:as.factor(bak_grob)3
1.1                              1.062846e-06
1.11                             2.806524e-10
1.2                                       NaN
1.3                              4.160967e-07
1.4                                       NaN
1.5                              6.404005e-11
2                                1.121138e-11
2.1                              7.379438e-07
2.2                              1.773126e-13
2.3                              7.997478e-24
3                                1.155781e-18
3.1                              3.381039e-14
3.2                              9.613612e-23
3.3                              2.814262e-21
3.4                              3.848522e-20

Residual Deviance: 13557.69 
AIC: 14547.69 
