[1] "Also the regression equation contains NAs, it has been used for the imputation, as these combinations do not exist in the DataNWG BRE data and therfore do not affect the prediction"
Call:
multinom(formula = w_erz_art_et ~ as.factor(hk_geb), data = DB_BE_clean, 
    weights = (HRF/Sum_HRF_BE_clean) * N_Clean, maxit = 1000, 
    MaxNWts = 1000)

Coefficients:
    (Intercept) as.factor(hk_geb)2 as.factor(hk_geb)3 as.factor(hk_geb)4 as.factor(hk_geb)5 as.factor(hk_geb)6 as.factor(hk_geb)7 as.factor(hk_geb)8 as.factor(hk_geb)9 as.factor(hk_geb)10 as.factor(hk_geb)11
118    5.437488        2.870340429       -8.679637909          0.4272137          1.0869040        -10.4724638        0.352045358        -1.07375062         1.64416323          4.07194713         -5.09792091
128    4.561892        7.038074679       -5.973802097         -0.7116814         -0.2129662          2.2317475       -9.157102170        -1.43190845        -7.84088137          3.43153393         -2.94062118
208   -3.402188        0.197267735        0.207070124         -0.1903244          4.6052022         -0.6916823        0.156657209        -2.75781438         0.56034598          0.40884361          0.28180503
218    6.253542        1.622543076      -11.366328876         -2.3392549          0.5529537          1.8416740        3.636797970        -3.79382018         4.25715379          3.63779170          3.27233343
228    4.371942        1.429860217        2.780805168          0.4045853          0.7007498          0.5761577        0.405803891        -2.55580653         1.21313028         -5.95970187         -2.76979899
301   -4.523131       -0.011273780       -0.347916917          8.9426454         -2.4501124         -1.4099186       -0.896005865         4.30909836        -0.35166466         -0.15768665          0.12093661
302   -5.224289       -0.009406924       -0.203746149         -0.6107326         -1.9241117         11.9282656       -0.145786398        -3.09335402         0.13021366         -0.03044373          0.10162569
305    3.071561       -0.882425897       -2.345904257         -5.2086662         -6.1933551         -4.1928848       -5.423143618       -10.29634313        -3.88231755         -2.14250127         -0.42552326
311    9.519102        1.212930718        2.705281985          0.8591601         -0.1106856          0.9027453        2.068283137        -3.25201468         2.73877393          2.85702177          1.92114059
312    5.779859        3.226281062        2.563677930          1.2461769          1.9968593          1.5339083        2.126225448        -2.32750332         3.58546116         -9.70559901          1.85630171
313    8.127771        1.294934151        1.664290683          1.6838776         -0.5123237          1.2292426        2.067060281        -2.18307372         3.08211537          2.41025271          5.35250686
314    4.108355       -2.915608204        3.441114540          0.1085677         -0.8782749          1.3424460       -8.445261371        -1.81369593        -6.80696584         -5.26026351         -2.14865506
315    6.069961        1.895186527        3.927416398          1.4814988          1.4845948          1.9947179        2.588564337        -2.34344984         4.57327681          1.71619656         -6.56254952
316    2.883353       -0.803416654       -2.134413296         -4.7342784         -5.7484842         -3.8687646       -4.893764323        -2.37658265        -3.44430237         -1.93078484         -0.39194125
317   -4.121503       -0.040485817       -0.427880720         -1.3117009          7.6314530         -1.5266194       -1.140212422        -4.27159414        10.27042782         -0.24367847          0.09960693
321    5.607263       -6.388033723        5.397003390          1.5135544         -1.3074549          4.0492213        2.506385535        -3.77549133         1.42444801          2.97785421         -5.31835421
322   -4.092925       -0.071486742       -0.482153285         -1.2805800         -2.6154611          9.7744500        9.098526607        -3.95671421        -0.52093898         -0.29739037          0.07272152
323   -2.983701       -0.490547784       -1.275417546         -2.2141433          6.5898072         -2.4460490        7.816530237        -5.62433243        10.73258154         11.69277537         -0.27119360
324    3.126443       -1.243093077       -2.940358520         -1.3024139         -6.5884556          1.6913679        1.328973944        -0.01574009        -3.78407306         -2.77925429         -0.75189204
325   -3.549676       -0.230874488       -0.821148031          8.7570984          7.3132378         -1.9728461        8.751301030        -4.77956727        -1.00127656         -0.64435724         -0.05427503
331    4.877314       -4.519379755        1.942626739          0.5807729          2.1969554          1.3430698        1.187246942        -1.98819091         2.89109977         -6.84139754          5.92152990
332   -3.640596        0.100863788       -0.083872602         -0.8662105          6.1453793         -1.1139421       -0.693638310         2.06916770        -0.05391735          0.11087588          0.21293633
333    1.094708       -1.020250412        9.672679301          2.5299601         -5.1287933         -3.3599013        3.791334897        -1.00466579         5.39724960         -1.90242257         11.92637320
334   -4.710632        0.258869145       -0.253923789         -1.0121765         -3.2257638         -1.5275030       -0.005008617         0.01820771        -0.19148775         17.03848554          0.37003348
335    6.873353       -8.736626059      -10.856451964         -3.3571191         -9.7881235        -12.5145702       -2.346162713       -18.06647541       -12.15233115        -10.72305643         -7.98793082
336    2.462228       -0.373253680       -1.314483220         -3.7474640         -4.7489426         -2.9278401       -3.819821118        -8.86127317        -2.47557584         -1.09413151         -0.07857138
401   -4.524535       -0.052478640       -0.391445294         -1.1006309          9.0977830         -1.4356524       -0.807274580         3.85497604        -0.33872861         -0.20836233          0.08174679
411    2.430011       -0.735049256       -1.942735602          1.0450478          1.9097380          2.7346219       -3.888486363        -2.31246981        -2.82222171         -1.76132705         -0.40045989
412    2.735126       -0.975709456       -2.246588342         -4.5503960          3.9063473          2.1346181        2.596158887        -9.46358247        -3.42159946         -2.06595333         -0.61556589
413   -4.031549       -0.265758408       12.030790186         -1.6478980          7.8442264         -2.0532759       -1.419158525         6.25981261        -0.74432810         -0.76830675         -0.12476967
415   -4.467170       -0.537960965       -1.749414822         -2.6879797          9.8794044         -3.0156877       14.251806490         6.23484107         9.72761249         -1.98226255         -0.37350054
416   -4.823527        0.126726560        0.003353676         -0.5954814          7.8583518         -0.9725106       -0.348556468        -3.28180849         0.16752496          0.19768656          0.22836179
421   -2.830774       -0.744571578       -1.873599595          4.8814024         -4.3272976          9.4282681        7.342497879         7.16187604         9.91385709         -2.18264398         -0.55365253
422   -6.093150       -0.229145523       -0.543911527         -0.9365276         -2.5846498         15.0711410       -0.855695148         9.22692103        -0.61464133         -0.33213623         -0.14346810
423   -5.113765        0.161502769        0.099854677         -0.3827185         -1.7128199         -0.8360030       -0.076014424         3.83498008         0.36451105          0.30024212          0.25567256
431    4.269616       -3.451338137        3.651937426          0.8937578         -0.5192015          0.8949902        2.365526336        -3.75928591         1.50173129         -5.63847584         -2.59361103
432    2.172144       -0.283891263       -1.096967766         -3.1933693          0.6324577         -2.5920724       -3.223796296        -8.02970554        -2.02043272         -0.88624154         -0.03205281
433   -4.549448       -0.329940966       -0.589816925         -0.7557534         -1.9895441         -1.4346387       -0.200107744         6.13735521         0.09027339         -0.42269091         16.76684582
435   -4.216327       -0.050085909       -0.417154742          8.2751103          8.4279578         -1.4896783       -0.972599390        -4.09682375        -0.44355583         -0.23560580          0.08612060
509   -3.736195        0.101871951       -0.079778431          7.1488918         -2.1412434         -1.1055116       -0.666116020         2.08186986        -0.04005026          0.11481351          0.21336802
519    7.350312        3.478373570        2.277067901          1.4763289         -0.7373719          0.9652475        0.576342179        -3.32542605         1.17737672          2.79029509          2.52448492
529    7.731582        2.314728977        3.580815339         -0.1151784         -2.7810697         -0.2274754       -1.242974306        -5.23053220         2.49279867          0.19303884        -10.70046006
539    6.337969        6.100733918        2.698523609          1.5891602         -0.5669751          1.6900692        0.976467457        -4.50356238        -1.11682394          4.85573396          5.16933411
549    3.938792       -2.592242211        3.566899740          2.2659765          3.7225368          1.5906174       -8.044534279        -2.32494979        -6.71145789          8.12283678         -1.89064395
559    4.736163        6.061077493        3.520991934          1.3016128         -0.4838914         -0.9993735       -0.072956559        -1.83052546        -7.76736181          4.41305994         -3.48115675

Std. Errors:
    (Intercept) as.factor(hk_geb)2 as.factor(hk_geb)3 as.factor(hk_geb)4 as.factor(hk_geb)5 as.factor(hk_geb)6 as.factor(hk_geb)7 as.factor(hk_geb)8 as.factor(hk_geb)9 as.factor(hk_geb)10 as.factor(hk_geb)11
118    5.599120         10.5085559          1.1478096          14.350223          10.383087           6.305089          17.245893           5.677158          25.574493          15.7128297         146.5329920
128    5.617260         10.4087244        105.8018797          14.476227          10.435547          21.806544         169.519911           5.697426         159.505790          15.7561969          78.5325000
208   31.662235          1.4954850          6.4673349          89.017049          33.196148         174.614698          92.975881          37.641455         133.424857           6.5473248           0.5156234
218    5.591871         10.5655697          0.1452383          14.457914          10.377832          21.790935          17.218425           5.675612          25.557728          15.7070808          14.3324777
228    5.623780         11.7173341          7.7472590          14.395991          10.414295          21.874679          17.298497           5.712961          25.634182         145.9036014          79.2607955
301   51.567223          0.4563005          1.0741519          53.222262           5.755286           3.114618           9.227515          51.585960           7.038700           1.0509367           0.1703545
302   65.087499          0.4752371          1.3324226          18.965212          10.958678          68.228322          20.199723          87.581444           7.828057           1.0717466           0.1684959
305    5.723180         34.3868636         37.6927547          42.225122          43.237503          44.350307          57.612843          35.125850          52.940522          44.7822550          48.4609552
311    5.586329         10.3991743          7.5788864          14.327033          10.371015          21.786447          17.216282           5.663707          25.556111          15.6986584          14.2647030
312    5.595355         10.4500045          7.6282211          14.336114          10.377140          21.795854          17.222210           5.674903          25.559572           1.5128795          14.7597612
313    5.586993         10.4266808          7.5888241          14.327446          10.372909          21.787247          17.216732           5.664418          25.556418          15.7020440          14.2550192
314    5.635082         54.8701474          7.7079472          14.441151          10.543614          21.846431         149.260897           5.719362         121.469829         118.6546746          66.7721073
315    5.593025         10.5514459          7.5909626          14.332850          10.376275          21.791336          17.219826           5.672021          25.557914          15.7591679           5.9615084
316    5.751159         36.1449311         37.2799967          37.296471          38.357578          42.164277          49.459640           5.871224          48.254014          44.3282456          52.0277859
317   42.563317          0.5452279          1.1921192          12.899938          43.463633           3.803007          10.703986          75.064406          49.010216           1.2890518           0.2084800
321    5.597089        143.5491253          7.5883350          14.336270          10.427126          21.789586          17.222196           5.686495          25.574855          15.7281410         150.1705544
322   41.976123          0.5201921          1.1077998          13.642556           6.150662          46.880358          44.984797          66.897073           9.389406           1.2232741           0.2006554
323   26.151680          0.7171470          0.9337645         185.356430          27.609706           4.317726          30.829896          73.960779          36.010460          29.2009754           0.3119355
324    5.715942         39.5700030         48.8760588          15.386193          50.821224          21.909474          17.355187           5.794808          49.978230          58.2027560          54.9209628
325   33.978966          0.5586568          0.9170814          36.452875          35.108826           3.794124          37.685303          69.099599           9.996054           1.2966196           0.2335461
331    5.608864         82.3103269          7.7935402          14.363245          10.386026          21.814048          17.242918           5.690063          25.568799         173.0003841          14.2830915
332   34.477938          1.0011330          3.0256464         134.449342          35.647754          13.029126         152.099817          34.551110          61.383010           3.2180546           0.3628602
333    6.511259         94.6169976          8.2298114          14.879394          67.097659          71.867046          17.599575           6.638085          25.799341         100.6380653          14.6127218
334   55.622294          0.9782341          2.0314413          35.759080           4.487611           4.065099         184.602754          56.468785          10.151009          55.4393303           0.3420556
335    5.589209          3.0646911          0.4798208          14.519507          39.227250           2.847155          17.307230           1.440908           3.829805           1.6494729           2.4218351
336    5.835734         36.0083457         30.8875937          29.673699          29.565616          35.373814          37.649186          23.675047          40.298643          37.1878276          54.7003373
401   50.671433          0.4195695          0.9820779           9.961420          51.413273           2.930696          10.072089          50.696475           7.044999           0.9694029           0.1574591
411    5.843721         43.2281108         42.2729166          14.627228          10.559593          21.916872          39.194982           5.982901          45.494871          50.2799253          64.6076380
412    5.777092         41.9327940         42.2389472          36.740414          10.479517          21.920953          17.319194          27.656520          50.521522          50.2617530          61.9063227
413   41.429970          0.4160208         39.9544696           7.004022          42.353892           2.176666           7.154578          41.441504           7.457656           0.7622155           0.1620580
415   53.677575          0.5093136          0.5041755           3.562078          54.384249           1.005834          56.058928          53.687025          58.844996           0.2771952           0.1911879
416   54.843574          0.4954686          1.4804476          18.383159          55.538546           4.275473          16.080187          76.177799           9.940326           1.3323476           0.1764706
421   24.349769          0.4621449          0.3191455          28.114682           1.535164          32.192627          29.335703          24.367823          34.764220           0.4831517           0.2186437
422  109.388371          0.7002842          1.7445128          23.282365           9.641442         111.271926          15.347853         109.392425           5.400633           1.3843259           0.2401103
423   60.332971          0.3293720          1.0326740          13.063279           7.267644           3.178704          13.118771          60.364689           8.267633           0.9797580           0.1177054
431    5.627825         65.7602867          7.6730885          14.380102          10.480504          21.860373          17.240659           5.750304          25.623167         131.5940272          76.4894019
432    5.917374         39.5073309         31.9694764          26.934421          10.772937          34.895701          33.521580          18.485483          38.440466          38.4814517          61.3212893
433   47.732489          0.3167439          0.8134429          91.676219          14.371742           2.916947         163.079021          47.743019          12.399750           0.7749644          47.7013949
435   45.256094          0.5688431          1.2992246          47.149236          46.096735           3.899951          12.972548          74.762724           9.188912           1.2905364           0.2135344
509   36.015463          1.0341962          3.2203027          38.407440         169.175030          13.267825         157.292055          36.090525          48.863059           3.1532899           0.3682983
519    5.588032         10.3990917          7.5913855          14.328448          10.376648          21.789279          17.219773           5.666619          25.560089          15.7042250          14.3084073
529    5.587423         10.4096279          7.5809861          14.330453          10.397748          21.792535          17.229260           5.670963          25.556936          15.7497144           0.3072687
539    5.591400         10.3934496          7.6035178          14.331149          10.385090          21.791050          17.223411           5.680863          25.657884          15.7016942          14.2657934
549    5.644090         50.9695943          7.7182828          14.362516          10.403687          21.845145         133.218460           5.735735         125.799125          15.7181061          64.0238180
559    5.612304         10.4114460          7.6435765          14.352444          10.437756          22.056782          17.303265           5.693384         142.150048          15.7217681          93.7785169

Residual Deviance: 17100.63 
AIC: 18090.63 
