Call:
multinom(formula = w_erz_art ~ as.factor(hk_geb) * as.factor(bak_grob), 
    data = DB_BE_clean, weights = (HRF/Sum_HRF_BE_clean) * N_Clean, 
    maxit = 1000, MaxNWts = 1000)

Coefficients:
   (Intercept) as.factor(hk_geb)2 as.factor(hk_geb)3 as.factor(hk_geb)4 as.factor(hk_geb)5 as.factor(hk_geb)6 as.factor(hk_geb)7 as.factor(hk_geb)8 as.factor(hk_geb)9 as.factor(hk_geb)10 as.factor(hk_geb)11
11   29.836679         -10.734871         -16.817100           6.658478           7.139600        -18.8251792         -18.164712          0.4305890         -12.668393           17.958757          -9.4098457
12   29.968102         -18.362574         -20.964565           5.421220           4.166852        -29.4446053         -11.970847         -1.8539735          -8.580079          -19.731234         -10.1028394
20   13.047619           2.290413           4.259409           3.468879          19.004863          0.2524085           9.196196         -6.5810242          11.100210            6.480784           2.0342938
21   32.562323          -9.623631         -29.252288         -49.844875           4.735414          9.7105886         -35.604741         -3.7945962           8.968656           17.231528          11.3494987
22   29.897321           2.670786         -26.938207           5.908914           4.971250        -24.7951704           4.333239         -1.8060135         -14.935367          -10.386076         -10.1007207
30   29.417513          -2.122638         -16.963056           6.554138         -22.372938        -25.0107397         -14.404796         -2.5661556          -5.586802           -3.437978          -6.6534694
31   35.744496          22.307167           9.119439           6.046169           4.223322          8.7420052           5.406778         -2.2094796           8.626119           15.416566          12.0234571
32   31.734325         -12.437661          12.682021           6.698817           3.606235         12.1357964           5.686746         -2.2790486           8.373353           16.962699         -17.8879389
33   30.164009         -23.861030          14.409210           6.864382           7.480855          9.7547378           5.242709         -0.2284771         -13.613097          -12.886648          18.8293603
40   13.709514           1.845222           1.919094           5.843607          21.456363         -0.2146171           5.333628         12.6912367          10.494565            6.299317           1.0977482
41   28.727932          -4.484099          13.060527         -20.514706           8.728102         11.1437213          10.518461          0.8296715           8.856780           -6.880399          -4.0232077
42    6.879977           1.792032           1.163041          26.764467           3.757792         36.3663263          27.109673         22.6430915          31.670202            3.360872           0.4602585
43   29.890525         -10.739201          11.833126           6.822943           4.765076          9.5027556           5.404975         -2.0717085         -14.918341          -10.256839          18.2846763
50   11.619737           1.920216           5.513736           4.303113           5.175359          2.3185541           8.170888          2.5694958          10.256511            5.572341           2.1026871
51   33.507233          24.302544           9.579710           6.530768           3.081591          8.7966351           3.684331         -3.0202097           6.494477           16.661457          12.3577647
52   32.445264          22.731069          10.311873           6.485665           2.520716          8.7410950           3.242606         -4.0868682           9.701442          -18.885710         -16.9809624
53   32.484092          27.214138           9.825290           6.588777           3.715833          9.3812557           4.115924         -4.1812478         -26.263776           18.731937          15.0082852
54   28.843474          -7.464607          12.462261           8.341854           8.566921         10.8086071          -7.236606         -2.7906857          -5.507826          -14.213746          -4.8926056
55   30.467320          -4.679827          11.600458           6.837375           3.993140          7.6674426           3.663996         -1.1247996          -9.614846          -19.254058         -11.4509637
   as.factor(bak_grob)2 as.factor(bak_grob)3 as.factor(hk_geb)2:as.factor(bak_grob)2 as.factor(hk_geb)3:as.factor(bak_grob)2 as.factor(hk_geb)4:as.factor(bak_grob)2 as.factor(hk_geb)5:as.factor(bak_grob)2
11            -6.659943            28.736475                              23.4550289                             -0.02922935                               -5.780254                             -0.39810377
12            -8.833739            27.916340                              36.4308836                              1.07254796                              -21.537003                              4.04548673
20           -12.206104             7.394331                               0.6946023                              3.86723364                                3.700741                             -6.41108340
21           -11.274108           -16.635222                              -4.3602029                              2.11844630                               52.328613                              2.62949498
22            -7.655840            -6.614977                               8.6791500                             46.19054817                               -4.503996                              2.85685787
30           -26.188612            -3.052480                              -0.2741359                              3.39354562                              -10.926734                              3.82259900
31            -8.767246            24.909963                             -11.7429528                             10.22033247                               -3.209356                              3.21279571
32            -8.956956            -8.429797                              -4.5040873                              8.08430611                               -3.958418                              2.84748603
33            -4.770095            27.649631                             -13.1998334                              1.35130822                               -9.230224                             -3.39517223
40           -11.993177            -2.336675                               0.8405976                              3.92302815                                6.464614                            -15.03412128
41            -7.451163            -3.560702                              -3.5773961                            -34.23648891                               22.542153                              0.63340248
42           -15.959845            -4.585446                               0.4996493                              3.25219233                               -2.835835                              4.11116722
43            -7.583371            -5.290061                              -7.2580716                            -25.92908559                               -5.279335                              2.75504972
50           -11.566702             8.555179                               0.3046226                              3.63404391                               18.840583                              1.79645587
51            -9.489939           -23.194295                             -11.3147758                              9.11184355                               -3.270298                              4.26201981
52            -6.475198           -19.950932                             -11.3124627                              9.27379261                               -6.546673                             -0.06487312
53            -9.429178           -11.933958                             -12.5826957                              9.30451481                               -3.760675                              1.88303973
54            -6.758697            -6.334087                              -6.6617356                            -31.10512463                               -5.285678                             -1.49189706
55            -8.051257           -10.152853                              17.4411058                            -24.87502856                               -5.683657                              2.34142912
   as.factor(hk_geb)6:as.factor(bak_grob)2 as.factor(hk_geb)7:as.factor(bak_grob)2 as.factor(hk_geb)8:as.factor(bak_grob)2 as.factor(hk_geb)9:as.factor(bak_grob)2 as.factor(hk_geb)10:as.factor(bak_grob)2
11                              -8.1741976                              22.3055179                              -19.516089                             -12.1347345                               -11.657484
12                              38.4455723                               2.5440453                              -16.159575                               2.6224248                                26.719909
20                               0.8106815                               2.8509836                              -20.740755                               3.2750014                                 5.125643
21                              -2.1691275                              46.2030847                              -15.561780                              -0.2149783                               -10.712197
22                              30.8925688                             -30.1337082                              -19.099416                              18.1441452                                -5.203673
30                              51.8985663                               6.4250847                              -13.945817                               8.0211161                                 3.950676
31                              -2.5634288                              -0.3357568                              -18.863616                              -3.6999274                               -10.008235
32                              -5.1286714                               0.3776884                              -17.495926                              -4.2847706                               -11.013587
33                              -6.4116024                              -3.0660620                              -24.583082                              15.9473710                                19.960838
40                               2.1758024                               6.0307305                              -37.637691                               4.7987143                                 6.021877
41                              -5.9322105                              -4.2415459                              -20.669272                             -62.9425111                                -2.504003
42                               2.3676721                              -9.9200052                               -9.497919                               3.8607722                                 3.506757
43                             -38.7569596                               0.3034431                              -18.607144                              18.2605213                                -3.279725
50                              -1.2106039                              -2.1675503                               -4.121258                               1.0325864                                 4.046027
51                              -2.6239997                               0.4938460                              -17.876090                              -2.6170829                               -41.935366
52                              -4.6532171                              -2.1772400                              -19.614639                              -6.6090130                                20.994985
53                              -2.0759719                               0.1781454                              -17.753217                              28.2955016                               -40.558767
54                              -6.2596719                              -5.6275476                              -17.650020                              -6.9627405                                24.334316
55                             -26.1611997                             -26.2028961                              -19.026249                              -2.2091480                                26.152186
   as.factor(hk_geb)11:as.factor(bak_grob)2 as.factor(hk_geb)2:as.factor(bak_grob)3 as.factor(hk_geb)3:as.factor(bak_grob)3 as.factor(hk_geb)4:as.factor(bak_grob)3 as.factor(hk_geb)5:as.factor(bak_grob)3
11                              -0.77676333                           -30.252551387                            -8.832082073                            -11.67448494                             -15.2743987
12                               0.13103235                           -35.416709345                            -8.728693942                            -44.77010638                             -46.0793653
20                               0.90589210                             0.294497703                             0.610851500                              1.04771360                              -0.5953599
21                              28.22013990                            42.832948241                            -0.021351706                             -1.10143898                              31.1786154
22                              -0.47283729                            -0.393376004                             0.005035493                             -1.24152601                              -2.9989133
30                               0.81937571                            -0.306426268                             0.364239431                             -3.62163805                               0.5172592
31                              25.76804217                           -32.864960404                            -0.663692320                             -9.99796622                             -12.3742633
32                               0.13588055                            -1.686971130                            32.036173739                             23.51012702                             -10.3598817
33                              18.11653048                           -10.080555739                           -63.166406052                            -12.48974125                             -68.9238280
40                               0.90865244                             0.189285698                             0.514022562                              0.88298146                              -8.2059218
41                               0.58980804                            -0.009025461                            -6.672152839                              0.32698579                              16.7882802
42                               0.79108257                             0.294821605                             0.946731156                              0.04518317                               1.3824652
43                             -39.41379242                            -0.001707528                            -1.031978237                             -1.31156482                              -0.7937542
50                               0.87472898                             0.313898920                             0.605482038                              0.70255028                               0.8910738
51                              -9.76239153                            15.060034830                            -5.067042380                             37.17661387                              37.4100963
52                              -2.70621384                            13.949918962                            42.455021042                            -16.00672143                              36.4036911
53                             -24.48209443                             2.744926476                            35.303727702                             27.73317736                              26.6761122
54                              -0.25443808                            -0.559100713                            -6.384066666                            -13.76183504                              23.5948125
55                              -0.01645581                            36.342269815                           -12.251551485                             25.49407628                              -7.8313453
   as.factor(hk_geb)6:as.factor(bak_grob)3 as.factor(hk_geb)7:as.factor(bak_grob)3 as.factor(hk_geb)8:as.factor(bak_grob)3 as.factor(hk_geb)9:as.factor(bak_grob)3 as.factor(hk_geb)10:as.factor(bak_grob)3
11                              -3.2245462                             24.50966550                             -12.4870016                             17.62495348                                        0
12                              39.8726480                             -6.07483512                             -39.3606809                             -8.92565468                                        0
20                               0.5194913                              0.13920532                               3.7536907                              0.43087852                                        0
21                              -7.1877642                             -0.21190902                              31.7667140                             38.31144896                                        0
22                               0.4246338                             -0.20245791                               0.5918933                              0.07806817                                        0
30                               0.2198172                              0.09256275                               1.9353921                              0.26356431                                        0
31                               3.5183517                              0.51260358                              -8.8467085                             -4.14883416                                        0
32                              34.5757593                             35.62134604                              -8.7184356                            -16.96888739                                        0
33                             -46.4476805                            -55.52588349                             -56.9150976                             18.35919239                                        0
40                               0.4926327                              0.12896061                               2.6733396                              0.37362924                                        0
41                              -0.4314133                            -26.83131534                              19.7182189                             -1.19313109                                        0
42                             -14.7386711                             -1.94453426                              25.0963001                            -11.59917601                                        0
43                               0.3687176                             -0.39361411                               2.4728668                              0.15906996                                        0
50                               0.5186120                              0.14327764                               3.7334179                              0.42847753                                        0
51                              -2.2111202                             -4.87508825                              40.8025154                             -6.44358984                                        0
52                              -1.1448830                             -1.85030285                               0.3400931                            -25.55521986                                        0
53                              -4.7939058                             38.30133706                              -1.6143306                             -0.82693638                                        0
54                              -0.8168963                              0.04939808                               1.8094247                              0.01041917                                        0
55                               0.1062636                             -1.53756755                              -8.6731656                             -0.31357705                                        0
   as.factor(hk_geb)11:as.factor(bak_grob)3
11                              -1.85023369
12                              -0.68070588
20                               0.18716759
21                              -0.49685127
22                               0.12951158
30                               0.15661939
31                              34.64278022
32                               0.12033391
33                             -26.71130109
40                               0.17601192
41                               0.22052049
42                               0.33176792
43                              -3.01727643
50                               0.18618495
51                              -0.20343462
52                               0.23309037
53                              -3.58507663
54                               0.09147898
55                              -0.06672979

Std. Errors:
   (Intercept) as.factor(hk_geb)2 as.factor(hk_geb)3 as.factor(hk_geb)4 as.factor(hk_geb)5 as.factor(hk_geb)6 as.factor(hk_geb)7 as.factor(hk_geb)8 as.factor(hk_geb)9 as.factor(hk_geb)10 as.factor(hk_geb)11
11   1.2643309       8.414618e-01       1.002162e-08          5.2130142       3.311765e+00       7.762798e-09       8.060980e-01         2.80437925         3.66346580        1.451121e+00                 NaN
12   1.2200605       7.823710e-01                NaN          5.4267648       3.564488e+00       1.423151e+00       2.282371e-03         2.82676050         8.13719044        9.137707e-01                 NaN
20  45.1465290       1.469964e-06       2.717373e-05          0.1475252       4.304557e+01       5.302627e-06       4.853476e+00         0.00152134        82.69405318        3.357102e-01        2.737370e-08
21   0.8781925       8.651024e-01       8.736269e-10          6.8068083       3.181343e+00       6.650961e-01       7.387597e-01         2.67328582         8.61177876        6.344676e-01        2.886280e+00
22   1.2429823       2.290792e+00       8.256490e-01          5.3152480       3.426830e+00       1.694193e+00       1.786898e+00         2.83792693         9.51646210        9.031034e-07                 NaN
30   1.4324607       2.466954e-09                NaN          5.3353261       5.962021e-08       1.409569e+00       2.273241e-05         3.04910634         0.04180872        1.338281e-06        7.624362e-10
31   0.8460765       7.694026e-01       4.277925e-01          5.0181583       3.160530e+00       5.216524e-01       6.087819e-01         2.63685727         8.60550816        4.830974e-01        7.842018e-01
32   0.9193259                NaN       5.686554e-01          5.0463966       3.270895e+00       6.381685e-01       7.547820e-01         2.67414901         8.62874367        8.952978e-01                 NaN
33   1.1613377       8.067740e-09       8.807200e-01          5.1440259       3.266220e+00       1.497380e+00       1.253427e+00         2.76176812         8.71096357        2.487250e-01        9.922771e-01
40  19.8132333       1.013810e-08       1.335275e-06         83.0755817       1.895387e+01       7.629203e-06       6.341535e-01        18.17771374        54.10358114        6.001576e-01        6.226555e-09
41   1.8383416       2.346750e-08       1.864284e+00          6.8407071       3.561933e+00       2.060840e+00       1.692076e+00         3.10978146         8.97184482        1.708389e-04        2.975485e-08
42   1.8828249       6.996757e-14                NaN          6.3437921       2.801745e-06       1.301307e+00       1.653941e+00         3.46036374         7.85896192        2.575024e-08        1.854923e-13
43   1.2448379       9.595608e-12       1.348680e+00          5.1868634       3.460072e+00       1.857906e+00       1.353799e+00         2.85357750         9.50883571        7.514151e-06        1.095418e+00
50   2.9261419       3.413798e-08       9.950979e-07          5.6762624       1.351654e-03       1.991739e-07       1.171275e-02         2.90029518         0.11422858        4.837894e-04        3.458727e-10
51   0.8578056       8.004863e-01       6.233451e-01          5.0228090       3.189287e+00       6.360679e-01       7.005256e-01         2.64513824         8.62558160        5.870033e-01        1.255520e+00
52   0.8821290       1.651124e+00       7.179690e-01          5.0335418       3.301357e+00       8.406858e-01       9.443094e-01         2.68770960         8.61049168        6.280353e-01                 NaN
53   0.8808496       7.299155e-01       8.307690e-01          5.0320189       3.207993e+00       7.161480e-01       7.798248e-01         2.68951463         9.52931941        5.375062e-01        8.448342e-01
54   1.7602632                NaN       1.930094e+00          5.2982151       3.522873e+00       2.082152e+00       1.738480e-02         3.38166005         0.04117780        4.837356e-01        9.665447e-09
55   1.0877614       9.470460e-01       1.102826e+00          5.1125541       3.443942e+00       3.017554e+00       1.749588e+00         2.73792704         0.04509550        5.265846e-01        1.962262e-11
   as.factor(bak_grob)2 as.factor(bak_grob)3 as.factor(hk_geb)2:as.factor(bak_grob)2 as.factor(hk_geb)3:as.factor(bak_grob)2 as.factor(hk_geb)4:as.factor(bak_grob)2 as.factor(hk_geb)5:as.factor(bak_grob)2
11             4.578004         9.634435e-01                            8.414618e-01                                     NaN                            1.122675e+01                            1.557099e+00
12             4.753439         1.223565e+00                            7.823710e-01                            4.274301e-10                            4.293178e-04                            2.558129e+00
20            83.749039         2.923713e-03                            1.800159e-08                            1.010681e-08                            1.455941e-01                            1.535796e-01
21             4.644012         8.745970e-01                            5.408479e-10                                     NaN                            6.806808e+00                            2.297808e+00
22             4.615255         2.579655e-08                            2.290792e+00                            8.256490e-01                            1.134021e+01                            1.860355e+00
30             1.396015         8.100282e-07                            9.818224e-11                                     NaN                            1.151657e-06                                     NaN
31             4.453249         5.158941e-01                            1.021570e+00                            5.442050e-01                            1.102864e+01                            5.639067e-01
32             4.509246         6.310854e-01                            4.330200e-11                            9.599689e-01                            1.108065e+01                            1.776214e+00
33             4.525545         1.144011e+00                            2.116228e-18                            1.777035e+00                            1.136250e+01                            1.545198e+00
40            56.824873         2.229611e-06                            1.011230e-08                            9.484439e-10                            8.300438e+01                            3.148079e-04
41             4.920069         7.613317e-01                            2.342128e-08                            4.944946e-17                            6.840707e+00                            2.269815e+00
42            30.974485         3.618034e-01                            6.997672e-14                            2.322352e-15                            1.196606e+02                            1.875510e-08
43             4.611840         3.908526e-07                            9.392706e-12                            2.906486e-14                            1.125287e+01                            1.963431e+00
50             2.832483         1.025865e-04                            7.563202e-11                            3.174591e-10                            5.676178e+00                            7.791105e-06
51             4.467146         5.508709e-01                            1.182289e+00                            1.019537e+00                            1.103901e+01                            8.964073e-01
52             4.461264         9.005856e-01                            1.796215e+00                            7.763901e-01                            1.105137e+01                            2.274429e+00
53             4.491532         7.496987e-01                            1.072521e+00                            1.335361e+00                            1.106316e+01                            2.010238e+00
54             4.790248         3.429621e-01                                     NaN                            8.199554e-16                            1.122178e+01                            2.320223e+00
55             4.565547         7.919983e-01                            1.410409e+00                            6.996196e-15                            1.125632e+01                            2.358539e+00
   as.factor(hk_geb)6:as.factor(bak_grob)2 as.factor(hk_geb)7:as.factor(bak_grob)2 as.factor(hk_geb)8:as.factor(bak_grob)2 as.factor(hk_geb)9:as.factor(bak_grob)2 as.factor(hk_geb)10:as.factor(bak_grob)2
11                                     NaN                            1.000522e+00                            3.199338e+00                            1.720352e-07                             1.609509e+00
12                            2.184262e+00                            1.831464e-03                            3.482438e+00                            8.129975e+00                             9.137707e-01
20                            3.296253e-06                            1.419211e+00                            1.087544e-05                            8.169441e+01                             3.357098e-01
21                            3.571339e+00                            7.387597e-01                            3.327179e+00                            1.101480e+01                             1.841277e+00
22                            1.694193e+00                            5.019290e-11                            3.322657e+00                            9.516461e+00                             9.028753e-07
30                            1.409569e+00                            7.032175e-10                            2.729816e-02                            3.378328e-04                             1.187163e-06
31                            3.043589e+00                            5.414902e-01                            3.011423e+00                            1.094395e+01                             7.131456e-01
32                            3.225063e+00                            1.025609e+00                            3.111452e+00                            1.100548e+01                             1.363383e+00
33                            3.618750e+00                            1.510766e+00                            3.202273e+00                            1.028151e+01                             2.487250e-01
40                            6.992544e-06                            5.997755e-01                            7.710058e-05                            5.391132e+01                             6.001575e-01
41                            5.746878e+00                            2.249215e+00                            3.702129e+00                            3.522456e-21                             1.708355e-04
42                            2.973022e+01                            2.041804e-03                            3.072835e+01                            3.009306e+01                             2.575028e-08
43                            7.613037e-12                            1.659857e+00                            3.321427e+00                            9.508835e+00                             7.513709e-06
50                            4.904164e-08                            3.849350e-05                            2.979046e+00                            1.078784e-01                             4.837885e-04
51                            3.149453e+00                            9.731177e-01                            3.041916e+00                            1.097352e+01                             2.003982e-10
52                            3.191491e+00                            1.494581e+00                            3.071947e+00                            1.095118e+01                             6.280353e-01
53                            3.181401e+00                            1.350900e+00                            3.149372e+00                            9.529319e+00                             2.386846e-09
54                            5.451392e+00                            1.560356e-04                            3.799628e+00                            1.615849e-02                             4.837356e-01
55                            4.003712e-07                            2.809827e-09                            3.200839e+00                            4.303710e-02                             5.265846e-01
   as.factor(hk_geb)11:as.factor(bak_grob)2 as.factor(hk_geb)2:as.factor(bak_grob)3 as.factor(hk_geb)3:as.factor(bak_grob)3 as.factor(hk_geb)4:as.factor(bak_grob)3 as.factor(hk_geb)5:as.factor(bak_grob)3
11                                      NaN                            7.045736e-09                                     NaN                            1.716592e+00                            1.997644e+00
12                                      NaN                            2.446334e-09                                     NaN                            2.066454e-09                            1.138166e-09
20                             8.772570e-10                            1.451594e-06                                     NaN                            3.427357e-07                            2.925941e-03
21                             2.765471e+00                            8.651024e-01                            3.155190e-10                            1.747158e-10                            1.146688e+00
22                             1.546160e-10                            8.311997e-09                            1.028829e-10                            4.882927e-09                            1.342990e-09
30                             1.326106e-10                            2.400359e-09                            3.856420e-11                            1.983472e-08                                     NaN
31                             1.473036e+00                            1.268348e+00                            8.780323e-01                            8.200613e-01                            9.987133e-01
32                             3.122791e-11                                     NaN                            8.612975e-01                            1.081618e+00                            2.662981e-13
33                             1.602175e+00                            8.067740e-09                            2.658095e-21                            2.319810e+00                                     NaN
40                             6.602540e-20                            2.538994e-11                            2.792478e-18                            6.358132e-10                            7.421635e-10
41                             7.728519e-18                            4.831977e-11                            5.595219e-13                            5.933365e-17                            1.228900e+00
42                             3.152546e-25                            2.111498e-16                                     NaN                            4.613537e-08                            4.548852e-15
43                             2.237294e-25                                     NaN                            3.470488e-11                            4.460587e-08                            3.652115e-08
50                             2.222555e-21                            3.408919e-08                            1.231054e-13                            4.431266e-08                            7.092203e-07
51                             2.584341e-14                            1.244955e+00                            3.245231e-20                            9.015713e-01                            1.383817e+00
52                                      NaN                            1.792946e+00                            1.519448e+00                                     NaN                            1.345744e+00
53                             5.249212e-20                            1.114978e+00                            1.467379e+00                            9.624242e-01                            1.444635e+00
54                             2.490120e-18                            2.290315e-13                                     NaN                                     NaN                            3.429621e-01
55                             4.891979e-21                            8.070177e-01                            3.138729e-18                            1.166400e+00                                     NaN
   as.factor(hk_geb)6:as.factor(bak_grob)3 as.factor(hk_geb)7:as.factor(bak_grob)3 as.factor(hk_geb)8:as.factor(bak_grob)3 as.factor(hk_geb)9:as.factor(bak_grob)3 as.factor(hk_geb)10:as.factor(bak_grob)3
11                                     NaN                            1.168960e+00                            1.211914e+00                            3.663495e+00                             3.456695e-09
12                            1.820785e+00                            5.889848e-08                                     NaN                            4.157462e-05                                      NaN
20                            6.590552e-10                            4.289710e-10                            4.000034e-07                            8.685280e-08                                      NaN
21                                     NaN                                     NaN                            2.197391e+00                            1.403539e+00                             2.006027e-10
22                            2.181971e-10                            1.825234e-10                            2.148612e-08                                     NaN                                      NaN
30                                     NaN                            4.179109e-11                            8.277940e-07                                     NaN                             1.669590e-11
31                            1.167641e+00                            1.272207e+00                            8.118429e-01                            1.652133e+00                                      NaN
32                            1.104102e+00                            1.450743e+00                            4.592349e-12                            2.486150e-17                             5.265149e-21
33                            2.666933e-18                                     NaN                            6.192202e-17                            2.055038e+00                                      NaN
40                            7.711197e-21                            1.848296e-16                            2.228645e-06                            9.979395e-13                             7.831999e-26
41                            5.540623e-12                            3.296170e-22                            1.029266e+00                            1.719936e-09                                      NaN
42                            3.954530e-17                            4.435747e-14                            3.618034e-01                            4.449403e-14                             0.000000e+00
43                            1.465616e-12                                     NaN                            3.985706e-07                            3.211187e-19                             0.000000e+00
50                            1.171483e-16                            3.492997e-12                            1.018998e-04                            1.632299e-09                             0.000000e+00
51                            3.306647e-20                            2.213318e-22                            7.584027e-01                            2.907496e-19                             0.000000e+00
52                            7.617141e-19                            8.307781e-21                            8.095375e-14                            3.295689e-25                             0.000000e+00
53                            1.208389e-16                            2.555389e+00                            2.384840e-11                            2.634647e-26                             0.000000e+00
54                            1.784269e-13                            1.907229e-18                            7.953494e-09                            1.380823e-15                             0.000000e+00
55                            2.433399e-15                                     NaN                            4.002906e-13                            1.844979e-18                             0.000000e+00
   as.factor(hk_geb)11:as.factor(bak_grob)3
11                             2.282615e-09
12                             1.791899e-09
20                                      NaN
21                                      NaN
22                             5.716894e-11
30                             6.117771e-11
31                                      NaN
32                                      NaN
33                             7.657802e-23
40                                      NaN
41                             2.022007e-27
42                             1.710258e-41
43                             6.253477e-26
50                             2.761633e-32
51                             1.590248e-33
52                             5.638630e-45
53                             1.539023e-29
54                             8.970856e-36
55                             1.712490e-39

Residual Deviance: 9655.111 
AIC: 10871.11 
